7.719818785136944471e-20 1.270331973487598544e-21 3.943061187630701523e-22 -2.001747478281249970e-22 -2.848094683762882296e-25 -3.380524137820475525e-23 1.625608626350953283e-22 1.513009487903399869e-22 4.669335076090858995e-23 -1.941836084489313678e-23
1.270331973487598544e-21 1.626523812750656786e-22 6.590291914398036984e-23 2.278251018607860824e-23 5.209615446994990640e-24 8.090652265705142752e-24 8.457440744219469828e-24 6.021127309397225766e-24 1.754534184762144298e-24 4.173938489171510584e-24
3.943061187630701523e-22 6.590291914398036984e-23 3.826892870684521924e-23 6.924995414484378140e-24 3.021532473441299414e-24 4.960310278942851459e-24 4.478602368683133778e-24 2.534780208319369052e-24 1.116603975601892894e-24 1.433604484427070786e-24
-2.001747478281249970e-22 2.278251018607860824e-23 6.924995414484378140e-24 8.950984117535762756e-24 -5.361426237985443340e-25 2.200836238437635882e-24 7.842209521759652175e-25 2.582465470396605213e-25 3.312006743508585727e-25 8.156060514681893182e-25
-2.848094683762882296e-25 5.209615446994990640e-24 3.021532473441299414e-24 -5.361426237985443340e-25 1.376907029902285013e-24 -5.399883282507491576e-26 -1.921499793425106442e-25 -1.913090537795466720e-25 -1.779946386965877838e-25 3.115078347712645012e-25
-3.380524137820475525e-23 8.090652265705142752e-24 4.960310278942851459e-24 2.200836238437635882e-24 -5.399883282507491576e-26 1.079134166151716709e-24 6.708849733903010778e-25 2.704035896274115716e-25 3.080821671780287238e-25 1.729517300571528958e-25
1.625608626350953283e-22 8.457440744219469828e-24 4.478602368683133778e-24 7.842209521759652175e-25 -1.921499793425106442e-25 6.708849733903010778e-25 1.074288334371440223e-24 6.781337885978971379e-25 3.517420219026358787e-25 3.487984328862983693e-26
1.513009487903399869e-22 6.021127309397225766e-24 2.534780208319369052e-24 2.582465470396605213e-25 -1.913090537795466720e-25 2.704035896274115716e-25 6.781337885978971379e-25 8.484268174206027926e-25 1.116891458728955841e-25 2.460766015419753948e-26
4.669335076090858995e-23 1.754534184762144298e-24 1.116603975601892894e-24 3.312006743508585727e-25 -1.779946386965877838e-25 3.080821671780287238e-25 3.517420219026358787e-25 1.116891458728955841e-25 3.385960674443429498e-25 -4.094889052001766650e-26
-1.941836084489313678e-23 4.173938489171510584e-24 1.433604484427070786e-24 8.156060514681893182e-25 3.115078347712645012e-25 1.729517300571528958e-25 3.487984328862983693e-26 2.460766015419753948e-26 -4.094889052001766650e-26 1.907389076439878528e-25
